#	Name	Position	ObsHET	PredHET	HWpval	%Geno	FamTrio	MendErr	MAF	Alleles	Rating	
1	rs11865578	19779483	0.274	0.249	0.5491	100.0	46	0	0.146	G:A	
2	rs876856	19780030	0.133	0.124	1.0	100.0	46	0	0.066	T:G	
3	rs13330623	19781734	0.088	0.085	1.0	99.4	45	0	0.044	C:T	
4	rs6497415	19783593	0.336	0.314	0.6958	100.0	46	0	0.195	C:T	
5	rs6497416	19783646	0.268	0.245	0.6105	99.4	46	0	0.143	C:T	
6	rs227760	19784674	0.283	0.268	0.877	100.0	46	0	0.159	T:C	
7	rs6497417	19786761	0.549	0.497	0.3819	100.0	46	0	0.46	A:G	
8	rs183452	19789501	0.513	0.446	0.178	100.0	46	0	0.336	A:C	
9	rs7404256	19795354	0.558	0.499	0.3152	98.8	44	0	0.482	G:T	
10	rs4782296	19795607	0.473	0.466	1.0	98.2	44	0	0.371	T:G	
11	rs1690402	19797724	0.522	0.477	0.4528	100.0	46	0	0.394	T:C	
12	rs1634673	19799807	0.522	0.477	0.4528	100.0	46	0	0.394	G:A	
13	rs1634675	19801122	0.274	0.262	0.9657	100.0	46	0	0.155	G:A	
14	rs9935689	19801734	0.0090	0.0090	1.0	100.0	46	0	0.0040	C:T	
15	rs9936083	19801988	0.0090	0.0090	1.0	98.2	45	1	0.0050	G:A	
